1 -0.122339 0.991538 0.0110731 -0.041984 0.120989 0.455598 3.83258 1 DSC_3075.JPG

2 -0.030679 0.998611 0.0107543 -0.0414698 0.11827 0.453429 3.75444 1 DSC_3076.JPG

3 0.0361912 0.998348 0.0100607 -0.0434696 0.117076 0.439602 3.69505 1 DSC_3077.JPG

4 0.0928517 0.994678 0.00960218 -0.0436089 0.115497 0.420402 3.6463 1 DSC_3078.JPG

5 0.126438 0.990987 0.00912668 -0.0432884 0.114631 0.406526 3.61802 1 DSC_3079.JPG

6 0.178671 0.982919 0.00852541 -0.0432809 0.113534 0.380742 3.57678 1 DSC_3080.JPG

7 0.226164 0.973136 0.00793167 -0.0423596 0.112665 0.353752 3.54033 1 DSC_3081.JPG

8 0.277474 0.95981 0.00728959 -0.0414581 0.111797 0.319206 3.50341 1 DSC_3082.JPG

9 0.326755 0.944198 0.00658908 -0.0409587 0.111136 0.282936 3.4724 1 DSC_3083.JPG

10 0.402932 0.914343 0.00553857 -0.0399017 0.110315 0.219259 3.43158 1 DSC_3084.JPG

11 0.446591 0.893873 0.00475975 -0.0390494 0.10999 0.178355 3.41222 1 DSC_3085.JPG

12 0.482373 0.875145 0.00405912 -0.0376973 0.110143 0.141985 3.39836 1 DSC_3086.JPG

13 0.5219 0.852195 0.00357236 -0.0370341 0.110044 0.0995357 3.3874 1 DSC_3087.JPG

14 0.57884 0.814614 0.0034441 -0.0365549 0.11031 0.0333818 3.38033 1 DSC_3088.JPG

15 0.631476 0.774596 0.00274591 -0.0350974 0.110922 -0.0287568 3.38059 1 DSC_3089.JPG

16 0.684366 0.728386 0.00169511 -0.033064 0.11174 -0.0945918 3.38857 1 DSC_3090.JPG

17 0.718112 0.695207 0.000895466 -0.0316523 0.11251 -0.137798 3.39948 1 DSC_3091.JPG

18 0.772734 0.634056 -0.000206647 -0.0292592 0.114005 -0.210175 3.42804 1 DSC_3092.JPG

19 0.814713 0.579223 -0.000983924 -0.0272459 0.115577 -0.266777 3.46181 1 DSC_3093.JPG

20 0.8783 0.477544 -0.00238338 -0.0231262 0.118703 -0.352769 3.53596 1 DSC_3094.JPG

21 0.914135 0.404882 -0.00406674 -0.0203042 0.120718 -0.399577 3.59647 1 DSC_3095.JPG

22 0.937956 0.346252 -0.00496989 -0.0179805 0.122674 -0.429643 3.64908 1 DSC_3096.JPG

23 0.949055 0.314621 -0.00534819 -0.0167381 0.123825 -0.442557 3.67864 1 DSC_3097.JPG

24 0.963529 0.26712 -0.00611113 -0.0148878 0.125181 -0.458311 3.72266 1 DSC_3098.JPG

25 0.983222 0.181862 -0.00695957 -0.0123194 0.126609 -0.473731 3.80177 1 DSC_3099.JPG

26 0.996508 0.0830776 -0.00496332 -0.00666722 0.134498 -0.466103 3.8997 1 DSC_3100.JPG

27 1 -1.78458e-06 -5.59272e-07 -4.23681e-06 0.146504 -0.446333 3.98159 1 DSC_3101.JPG

28 0.996424 -0.0844425 -0.00059205 0.00293649 0.148951 -0.414216 4.05457 1 DSC_3102.JPG

29 0.986018 -0.166475 -0.00357361 0.00651759 0.147955 -0.368691 4.11538 1 DSC_3103.JPG

30 0.974015 -0.226234 -0.00588514 0.00882485 0.146977 -0.331568 4.15649 1 DSC_3104.JPG

31 0.95002 -0.311585 -0.0167997 0.00976473 0.132676 -0.268945 4.20071 1 DSC_3105.JPG

32 0.937978 -0.346177 -0.0145782 0.0120691 0.13622 -0.259356 4.20864 1 DSC_3106.JPG

33 0.902946 -0.429198 -0.0153641 0.015525 0.136189 -0.18872 4.24962 1 DSC_3107.JPG

34 0.867661 -0.496566 -0.0169361 0.0173082 0.133096 -0.126214 4.27302 1 DSC_3108.JPG

35 0.817999 -0.574597 -0.0172509 0.0204337 0.132403 -0.0417735 4.28804 1 DSC_3109.JPG

36 0.772818 -0.633973 -0.0173577 0.0230108 0.13179 0.0267257 4.28842 1 DSC_3110.JPG

37 0.720925 -0.692319 -0.0173421 0.0257089 0.130877 0.0970066 4.27781 1 DSC_3111.JPG

38 0.65099 -0.758338 -0.0165968 0.0293308 0.131048 0.18239 4.25026 1 DSC_3112.JPG

39 0.58921 -0.807214 -0.0158388 0.0314118 0.130373 0.24732 4.2164 1 DSC_3113.JPG

40 0.491871 -0.869883 -0.0155189 0.0335551 0.126802 0.330408 4.15076 1 DSC_3114.JPG

41 -0.431287 0.901372 0.0150968 -0.035935 0.126103 0.369694 4.10209 1 DSC_3115.JPG

42 -0.357226 0.933131 0.0146675 -0.0379475 0.124285 0.407903 4.03945 1 DSC_3116.JPG

43 -0.291372 0.955714 0.0142077 -0.038862 0.12214 0.433778 3.98112 1 DSC_3117.JPG

44 -0.227396 0.972867 0.0134975 -0.0404715 0.120951 0.451744 3.92282 1 DSC_3118.JPG

